3 0.5473196138211383 0.44579945799458 0.5485899390243902 0.3509485094850949 0.6000381097560976 0.3509485094850949 0.6013084349593496 0.4435411020776875
4 0.5117505081300814 0.4153116531165311 0.5117505081300814 0.3430442637759711 0.5498602642276423 0.35320686540198737 0.5485899390243902 0.44579945799458
3 0.3993267276422765 0.3701445347786811 0.3999618902439025 0.31820234869015357 0.4240980691056911 0.3227190605239386 0.4240980691056911 0.37917795844625113
5 0.9169842479674797 0.5350045167118338 0.9246061991869918 0.5440379403794038 0.925241361788618 0.5643631436314364 0.925876524390244 0.5858175248419151 0.9214303861788619 0.6129177958446251 0.9176194105691058 0.6377597109304426 0.9087271341463415 0.6422764227642277 0.9011051829268293 0.6298554652213189 0.9004700203252034 0.6084010840108401 0.9036458333333334 0.5858175248419151 0.9055513211382115 0.5643631436314364 0.9099974593495934 0.549683830171635
5 0.8795096544715447 0.5609756097560976 0.889672256097561 0.5654923215898826 0.8941183943089431 0.5880758807588076 0.8934832317073171 0.6106594399277326 0.890942581300813 0.6298554652213189 0.885226117886179 0.6569557362240289 0.8776041666666667 0.679539295392954 0.8668064024390244 0.6908310749774165 0.8604547764227644 0.684056007226739 0.8572789634146343 0.6626016260162602 0.8598196138211384 0.6287262872628726 0.8636305894308943 0.5982384823848239 0.8687118902439025 0.5790424570912376
1 0.37773119918699194 0.441282746160795 0.3955157520325204 0.44015356820234874 0.3967860772357724 0.46273712737127376 0.3790015243902439 0.46499548328816626
1 0.40758384146341464 0.43789521228545625 0.4260035569105692 0.43450767841011745 0.42790904471544716 0.4582204155374887 0.4107596544715448 0.4604787714543812
1 0.49333079268292684 0.558717253839205 0.5200076219512195 0.5575880758807588 0.5168318089430894 0.6400180668473351 0.49523628048780494 0.6400180668473351
1 0.5441438008130082 0.549683830171635 0.5708206300813009 0.5474254742547425 0.5676448170731707 0.6242095754290876 0.5492251016260163 0.6287262872628726
0 0.37836636178861793 0.46273712737127376 0.39869156504065045 0.45934959349593496 0.5250889227642277 0.5903342366757001 0.5060340447154472 0.6321138211382114 0.42790904471544716 0.5519421860885275 0.3897992886178862 0.504516711833785
0 0.41139481707317077 0.4582204155374887 0.4329903455284553 0.45483288166214997 0.4628429878048781 0.46725383920505875 0.5720909552845529 0.5745257452574526 0.5581173780487806 0.6106594399277326 0.4799923780487806 0.5271002710027101