3 0.5549415650406504 0.54516711833785 0.5555767276422765 0.44241192411924124 0.6063897357723578 0.44241192411924124 0.6063897357723578 0.5293586269196026
4 0.5155614837398375 0.49887082204155375 0.5181021341463415 0.42773261065943996 0.5549415650406504 0.44241192411924124 0.5549415650406504 0.5485546522131888
3 0.4050431910569106 0.4266034327009937 0.40758384146341464 0.36901535682023484 0.4310848577235773 0.3780487804878049 0.4285442073170732 0.43450767841011745
1 0.38027184959349597 0.4514453477868112 0.3967860772357724 0.44918699186991873 0.3993267276422765 0.46951219512195125 0.37963668699187 0.47177055103884374
1 0.497141768292683 0.5688798554652214 0.5244537601626017 0.5666214995483289 0.5250889227642277 0.6287262872628726 0.497141768292683 0.6332429990966576
1 0.4120299796747968 0.441282746160795 0.42790904471544716 0.44467028003613374 0.4285442073170732 0.46386630532972 0.4126651422764228 0.46160794941282746
1 0.5441438008130082 0.5598464317976514 0.5727261178861789 0.5609756097560976 0.5739964430894309 0.6219512195121951 0.5498602642276423 0.6219512195121951
0 0.3764608739837399 0.4661246612466125 0.4018673780487806 0.4604787714543812 0.5288998983739838 0.6016260162601627 0.500317581300813 0.6355013550135501 0.4266387195121951 0.5519421860885275 0.39043445121951226 0.5101626016260162 0.37773119918699194 0.48644986449864497
0 0.41330030487804886 0.46273712737127376 0.43489583333333337 0.45934959349593496 0.575266768292683 0.5858175248419151 0.5549415650406504 0.6208220415537489
5 0.8833206300813009 0.5609756097560976 0.8934832317073171 0.5688798554652214 0.8947535569105691 0.6004968383017164 0.892212906504065 0.6264679313459801 0.8871316056910569 0.6569557362240289 0.8820503048780488 0.6829268292682926 0.8687118902439025 0.6942186088527552 0.8623602642276424 0.675022583559169 0.8617251016260162 0.6456639566395664 0.8649009146341464 0.6129177958446251 0.8706173780487806 0.5880758807588076 0.8769690040650406 0.5688798554652214
5 0.9195248983739838 0.53613369467028 0.925876524390244 0.5474254742547425 0.9277820121951221 0.5745257452574526 0.9246061991869918 0.6095302619692864 0.9176194105691058 0.6343721770551038 0.9087271341463415 0.6456639566395664 0.9036458333333334 0.6309846431797651 0.9017403455284553 0.6084010840108401 0.9049161585365854 0.5779132791327913 0.9093622967479675 0.5553297199638663