1 0.61083587398374 0.5338753387533876 0.6489456300813009 0.53613369467028 0.6451346544715448 0.6061427280939476 0.615282012195122 0.6050135501355014
1 0.6559324186991871 0.5203252032520325 0.6807037601626017 0.5214543812104787 0.6781631097560976 0.5880758807588076 0.6610137195121951 0.5835591689250226
1 0.460302337398374 0.43450767841011745 0.4806275406504065 0.4333785004516712 0.4799923780487806 0.4582204155374887 0.46157266260162605 0.4604787714543812
1 0.49142530487804886 0.42773261065943996 0.5092098577235773 0.42547425474254746 0.5060340447154472 0.450316169828365 0.49587144308943093 0.45257452574525747
0 0.4609375000000001 0.45257452574525747 0.4825330284552846 0.44918699186991873 0.6495807926829269 0.5553297199638663 0.6190929878048781 0.5835591689250226
0 0.4920604674796748 0.44579945799458 0.5098450203252033 0.44241192411924124 0.6864202235772359 0.5417795844625113 0.6762576219512195 0.5654923215898826
3 0.5504954268292683 0.17479674796747968 0.5485899390243902 0.0799457994579946 0.6038490853658537 0.09010840108401086 0.6070248983739839 0.1838301716350497
4 0.5085746951219512 0.18495934959349597 0.5066692073170732 0.09010840108401086 0.5485899390243902 0.0776874435411021 0.5511305894308943 0.17592592592592593
3 0.3999618902439025 0.22109304426377596 0.4012322154471545 0.16689250225835592 0.42981453252032525 0.15447154471544716 0.4317200203252033 0.21431797651309847
5 0.9061864837398375 0.5417795844625113 0.9138084349593496 0.5530713640469738 0.9150787601626018 0.5767841011743451 0.9125381097560977 0.6038843721770552 0.9087271341463415 0.6298554652213189 0.9036458333333334 0.6546973803071364 0.889672256097561 0.670505871725384 0.8833206300813009 0.6467931345980127 0.8871316056910569 0.6038843721770552 0.8934832317073171 0.5677506775067751 0.8979293699186993 0.5474254742547425
5 0.9309578252032521 0.5259710930442638 0.9398501016260162 0.5383920505871725 0.9385797764227644 0.5745257452574526 0.9360391260162603 0.5982384823848239 0.9309578252032521 0.6208220415537489 0.922700711382114 0.6377597109304426 0.9176194105691058 0.6163053297199639 0.9182545731707318 0.5824299909665763 0.9201600609756099 0.5530713640469738 0.925876524390244 0.5338753387533876