5 0.0455411585365854 0.5971093044263777 0.05252794715447158 0.6061427280939476 0.0614202235772358 0.6275971093044264 0.06586636178861792 0.6524390243902439 0.07094766260162605 0.679539295392954 0.0728531504065041 0.711156278229449 0.07348831300813011 0.7405149051490516 0.06840701219512199 0.7619692863595303 0.056338922764227674 0.7529358626919602 0.046176321138211414 0.7235772357723578 0.039824695121951255 0.688572719060524 0.03728404471544718 0.6603432700993677 0.03728404471544718 0.6298554652213189 0.03855436991869922 0.6072719060523939
5 0.09571900406504068 0.6422764227642277 0.10588160569105694 0.6738934056007226 0.11159806910569108 0.7009936766034327 0.1166793699186992 0.7303523035230353 0.11922002032520326 0.7642276422764229 0.11794969512195123 0.7969738030713641 0.10651676829268295 0.8116531165311655 0.09000254065040654 0.791327913279133 0.08047510162601629 0.7608401084010841 0.07793445121951223 0.7359981933152666 0.07475863821138215 0.7043812104787714 0.0728531504065041 0.6716350496838301 0.07475863821138215 0.6456639566395664 0.08111026422764231 0.6298554652213189 0.09000254065040654 0.6298554652213189
4 0.3637576219512196 0.6309846431797651 0.36185213414634154 0.5383920505871725 0.4266387195121951 0.54516711833785 0.42981453252032525 0.6580849141824752
3 0.4291793699186992 0.6592140921409214 0.42790904471544716 0.5485546522131888 0.46855945121951226 0.5203252032520325 0.47110010162601634 0.6151761517615176
4 0.5504954268292683 0.5395212285456188 0.5492251016260163 0.4830623306233062 0.5682799796747968 0.47402890695573624 0.5676448170731707 0.5304878048780488
1 0.4088541666666667 0.6637308039747065 0.4317200203252033 0.6693766937669376 0.4291793699186992 0.7540650406504066 0.4088541666666667 0.7495483288166216
1 0.46728912601626027 0.6738934056007226 0.48951981707317077 0.6761517615176151 0.4888846544715448 0.7619692863595303 0.46728912601626027 0.7574525745257452
1 0.5460492886178863 0.549683830171635 0.5625635162601627 0.5519421860885275 0.5581173780487806 0.5745257452574526 0.5441438008130082 0.5711382113821138
1 0.580348069105691 0.5508130081300813 0.5936864837398375 0.5508130081300813 0.5905106707317074 0.5733965672990063 0.5771722560975611 0.5733965672990063
0 0.46157266260162605 0.7100271002710027 0.573361280487805 0.5700090334236676 0.5968622967479675 0.5688798554652214 0.5962271341463415 0.6038843721770552 0.5619283536585367 0.6592140921409214 0.4888846544715448 0.7168021680216803
0 0.4069486788617887 0.6942186088527552 0.4310848577235773 0.665989159891599 0.5104801829268293 0.5869467028003613 0.5396976626016261 0.5666214995483289 0.5612931910569106 0.5654923215898826 0.43489583333333337 0.7055103884372177