3 0.4342606707317073 0.5937217705510389 0.4342606707317073 0.49435411020776876 0.47110010162601634 0.47854561878952123 0.47364075203252043 0.558717253839205
4 0.36756859756097565 0.5688798554652214 0.36693343495934966 0.477416440831075 0.4336255081300814 0.48419150858175247 0.43489583333333337 0.5959801264679314
4 0.5492251016260163 0.5011291779584462 0.5498602642276423 0.44692863595302623 0.5657393292682927 0.4435411020776875 0.5663744918699187 0.49661246612466126
5 0.05252794715447158 0.6117886178861789 0.05824441056910572 0.6309846431797651 0.06396087398373987 0.6569557362240289 0.069042174796748 0.6874435411020776 0.07094766260162605 0.7190605239385728 0.07158282520325207 0.7439024390243902 0.06459603658536589 0.7574525745257452 0.05570376016260166 0.7518066847335141 0.049987296747967515 0.7371273712737128 0.0417301829268293 0.697606142728094 0.04045985772357727 0.6682475158084915 0.039824695121951255 0.6321138211382114 0.03918953252032523 0.6084010840108401 0.046811483739837435 0.5993676603432702
5 0.08936737804878052 0.6422764227642277 0.10080030487804881 0.665989159891599 0.108422256097561 0.7077687443541102 0.1128683943089431 0.7371273712737128 0.11731453252032523 0.7766485998193317 0.11413871951219515 0.8060072267389341 0.09952997967479679 0.8105239385727191 0.08555640243902443 0.7789069557362241 0.07920477642276426 0.7484191508581752 0.07348831300813011 0.7122854561878953 0.0728531504065041 0.6784101174345076 0.07348831300813011 0.6490514905149052 0.07920477642276426 0.6332429990966576
1 0.4069486788617887 0.6580849141824752 0.4310848577235773 0.6637308039747065 0.4266387195121951 0.7506775067750677 0.40631351626016265 0.7472899728997291
1 0.4653836382113822 0.670505871725384 0.4946011178861789 0.675022583559169 0.4869791666666667 0.7653568202348691 0.4622078252032521 0.7608401084010841
1 0.5778074186991871 0.5485546522131888 0.5955919715447154 0.5508130081300813 0.5930513211382114 0.5666214995483289 0.5771722560975611 0.5654923215898826
1 0.5422383130081301 0.5474254742547425 0.5612931910569106 0.5485546522131888 0.5593877032520326 0.5677506775067751 0.5422383130081301 0.5677506775067751
0 0.45966717479674807 0.7055103884372177 0.574631605691057 0.5654923215898826 0.5974974593495935 0.5643631436314364 0.5936864837398375 0.6072719060523939 0.5600228658536586 0.6592140921409214 0.48824949186991873 0.7122854561878953
0 0.40631351626016265 0.6953477868112015 0.4406122967479675 0.6332429990966576 0.5060340447154472 0.5824299909665763 0.5454141260162603 0.5609756097560976 0.5625635162601627 0.5632339656729901 0.4266387195121951 0.702122854561879