0 0.2214811991869919 0.5101626016260162 0.381542174796748 0.47177055103884374 0.38281250000000006 0.495483288166215 0.21830538617886183 0.53613369467028
1 0.20623729674796754 0.49209575429087626 0.22656250000000006 0.4932249322493225 0.2214811991869919 0.5327461607949413 0.2049669715447155 0.5304878048780488
1 0.3688389227642277 0.4582204155374887 0.38344766260162605 0.4559620596205962 0.382177337398374 0.48419150858175247 0.37074441056910573 0.48983739837398377
4 0.3555005081300814 0.3927280939476061 0.3561356707317074 0.44918699186991873 0.39043445121951226 0.44241192411924124 0.3891641260162602 0.38934056007226736
3 0.21957571138211388 0.42547425474254746 0.25133384146341464 0.42095754290876236 0.25133384146341464 0.47628726287262874 0.21830538617886183 0.4853206865401987
4 0.19035823170731708 0.42095754290876236 0.2176702235772358 0.42773261065943996 0.2176702235772358 0.48644986449864497 0.1909933943089431 0.47289972899729
5 0.6711763211382114 0.7122854561878953 0.6248094512195121 0.7326106594399278 0.5930513211382114 0.800361336946703 0.5841590447154472 0.8669828364950316 0.5917809959349594 0.9336043360433605 0.615917174796748 0.9957091237579043 0.767721036585366 0.9945799457994581 0.7842352642276423 0.9290876242095755 0.7874110772357723 0.854561878952123 0.7651803861788619 0.7789069557362241 0.7264354674796748 0.7348690153568203
5 0.9017403455284553 0.8839205058717254 0.8642657520325203 0.9110207768744355 0.8369537601626016 0.9618337850045169 0.8286966463414634 0.9934507678410118 0.9868521341463415 0.9957091237579043 0.9893927845528456 0.9336043360433605 0.9652566056910569 0.8884372177055104 0.9309578252032521 0.8794037940379404
5 0.1586001016260163 0.5112917795844625 0.15097815040650409 0.5372628726287263 0.15415396341463417 0.5858175248419151 0.1598704268292683 0.6151761517615176 0.17765497967479676 0.6264679313459801 0.17956046747967483 0.5880758807588076 0.1713033536585366 0.53613369467028
5 0.13446392276422767 0.50903342366757 0.13001778455284554 0.5293586269196026 0.13319359756097565 0.5677506775067751 0.1389100609756098 0.5858175248419151 0.14462652439024393 0.5654923215898826 0.14208587398373987 0.5203252032520325
5 0.11985518292682928 0.5022583559168925 0.12811229674796748 0.5282294489611563 0.1287474593495935 0.5666214995483289 0.11985518292682928 0.5632339656729901 0.11540904471544718 0.5440379403794038 0.11413871951219515 0.51806684733514