5 0.6413236788617886 0.7540650406504066 0.6807037601626016 0.7710027100271004 0.7092860772357723 0.7924570912375791 0.7346925813008129 0.8602077687443541 0.737233231707317 0.9505420054200543 0.7258003048780488 0.9945799457994581 0.6254446138211383 0.9923215898825656 0.6260797764227642 0.9403794037940381 0.5987677845528455 0.9279584462511293 0.5917809959349594 0.9742547425474255 0.5720909552845528 0.9561878952122855 0.5638338414634146 0.9053748870822044 0.5657393292682926 0.8376242095754292 0.5841590447154472 0.7969738030713641 0.6013084349593496 0.7676151761517616
5 0.8756986788617886 0.8974706413730805 0.8248856707317073 0.9437669376693768 0.814087906504065 0.990063233965673 0.969702743902439 0.9934507678410118 0.970337906504065 0.9381210478771455 0.9474720528455285 0.9019873532068655 0.9163490853658537 0.8827913279132792
3 0.21449441056910573 0.42547425474254746 0.24688770325203255 0.41869918699186986 0.2449822154471545 0.36449864498644985 0.21385924796747974 0.3656278229448961
4 0.3561356707317074 0.4006323396567299 0.3897992886178862 0.39385727190605235 0.38789380081300817 0.3464317976513099 0.35867632113821146 0.3486901535682024
4 0.19226371951219515 0.4232158988256549 0.21512957317073175 0.42773261065943996 0.21195376016260167 0.3678861788617886 0.1897230691056911 0.3712737127371274
0 0.22973831300813014 0.49887082204155375 0.40631351626016265 0.45483288166214997 0.4088541666666667 0.47628726287262874 0.23291412601626021 0.5237127371273712
1 0.22592733739837403 0.48193315266486 0.23863058943089435 0.48419150858175247 0.2367251016260163 0.5350045167118338 0.22592733739837403 0.5248419150858175
1 0.3967860772357724 0.4435411020776875 0.4107596544715447 0.441282746160795 0.4094893292682927 0.47628726287262874 0.39742123983739847 0.47289972899729
5 0.1166793699186992 0.495483288166215 0.11540904471544718 0.5350045167118338 0.11985518292682928 0.5621047877145439 0.1274771341463415 0.5745257452574526 0.1274771341463415 0.54516711833785 0.12557164634146342 0.5124209575429087
5 0.13382876016260165 0.5079042457091237 0.13065294715447157 0.5338753387533876 0.1319232723577236 0.5722673893405601 0.14335619918699188 0.5869467028003613 0.14653201219512196 0.5677506775067751 0.14335619918699188 0.522583559168925
5 0.15415396341463417 0.5293586269196026 0.15224847560975613 0.5643631436314364 0.15732977642276424 0.5925925925925927 0.16431656504065043 0.6230803974706414 0.1751143292682927 0.6242095754290876 0.1751143292682927 0.5937217705510389 0.16876270325203255 0.5383920505871725