3 0.3891641260162602 0.7433378500451672 0.38662347560975613 0.639453477868112 0.42028709349593496 0.6236449864498645 0.424733231707317 0.7026874435411021
4 0.5111153455284553 0.6247741644083108 0.5390625 0.6112240289069558 0.5365218495934959 0.549119241192412 0.5085746951219512 0.5604110207768744
1 0.5181021341463414 0.6202574525745258 0.5327108739837398 0.6157407407407408 0.537157012195122 0.648486901535682 0.5225482723577236 0.648486901535682
4 0.3377159552845529 0.7275293586269197 0.33708079268292684 0.634936766034327 0.38344766260162605 0.6383242999096658 0.38789380081300817 0.7410794941282747
1 0.3656631097560976 0.7399503161698283 0.3897992886178862 0.7410794941282747 0.3897992886178862 0.7941508581752486 0.3656631097560976 0.7885049683830172
0 0.3872586382113822 0.7546296296296297 0.5200076219512195 0.630420054200542 0.5346163617886179 0.6326784101174345 0.5358866869918699 0.6530036133694671 0.40567835365853655 0.778342366757001
5 0.17447916666666669 0.7749548328816622 0.19416920731707318 0.7997967479674797 0.2087779471544716 0.8359304426377597 0.21830538617886183 0.877710027100271 0.22338668699186998 0.9240063233965674 0.21894054878048785 0.9522357723577236 0.1547891260162602 0.8969060523938572 0.14843750000000003 0.8528681120144536 0.14589684959349597 0.8133468834688347 0.15415396341463417 0.7772131887985547
5 0.10588160569105694 0.7365627822944897 0.1204903455284553 0.7546296296296297 0.13001778455284554 0.7896341463414636 0.1350990853658537 0.8325429087624211 0.13446392276422767 0.864159891598916 0.1287474593495935 0.8743224932249323 0.09825965447154475 0.8336720867208672 0.09063770325203255 0.7997967479674797 0.08873221544715451 0.7591463414634146 0.09190802845528459 0.7388211382113822
5 0.056338922764227674 0.7806007226738936 0.048081808943089464 0.7489837398373983 0.04427083333333336 0.7252710027100272 0.046176321138211414 0.7026874435411021 0.05379827235772361 0.6925248419150858 0.06586636178861792 0.7026874435411021 0.07348831300813011 0.7297877145438122 0.07666412601626019 0.7535004516711834 0.07793445121951223 0.7817299006323397 0.06713668699186995 0.7749548328816622
1 0.46220782520325204 0.7072041553748871 0.4901549796747967 0.7128500451671184 0.48951981707317077 0.7885049683830172 0.45776168699187 0.7885049683830172
1 0.5746316056910569 0.5920280036133695 0.6006732723577236 0.5999322493224933 0.5974974593495934 0.6563911472448059 0.5619283536585366 0.6496160794941284 0.5600228658536586 0.6179990966576333
0 0.4634781504065041 0.7580171635049684 0.5625635162601627 0.6450993676603433 0.5994029471544715 0.643970189701897 0.4926956300813008 0.7896341463414636