5 0.05506859756097564 0.5513775971093045 0.05697408536585369 0.5299232158988256 0.06269054878048783 0.5276648599819331 0.06586636178861792 0.549119241192412 0.06586636178861792 0.5694444444444445 0.06586636178861792 0.5863821138211383 0.05824441056910572 0.5829945799457995 0.05570376016260166 0.5683152664859983
5 0.07602896341463418 0.5412149954832882 0.07983993902439027 0.5513775971093045 0.08111026422764231 0.5750903342366758 0.08238058943089435 0.6010614272809396 0.07920477642276426 0.6134823848238483 0.07221798780487808 0.5988030713640471 0.06967733739837402 0.5829945799457995 0.069042174796748 0.5649277326106595 0.06840701219512199 0.553635953026197
5 0.08936737804878052 0.549119241192412 0.08682672764227646 0.5637985546522132 0.08492123983739841 0.5784778681120145 0.08746189024390247 0.5954155374887082 0.09063770325203255 0.6168699186991871 0.09762449186991874 0.6326784101174345 0.10588160569105694 0.6428410117434508 0.1122332317073171 0.6247741644083108 0.1122332317073171 0.5999322493224933 0.10905741869918702 0.5773486901535683 0.10715193089430897 0.5637985546522132 0.10143546747967483 0.549119241192412 0.09698932926829272 0.5434733514001807
5 0.33199949186991873 0.9025519421860886 0.3243775406504065 0.8844850948509486 0.3167555894308943 0.8630307136404697 0.31230945121951226 0.8370596205962061 0.3110391260162602 0.7952800361336947 0.31294461382113825 0.7625338753387534 0.32628302845528456 0.7388211382113822 0.34343241869918706 0.7297877145438122 0.3662982723577236 0.7354336043360433 0.380907012195122 0.7535004516711834 0.3955157520325204 0.7941508581752486 0.4031377032520326 0.823509485094851 0.40377286585365857 0.859643179765131 0.4025025406504065 0.9059394760614274 0.3929751016260163 0.9262646793134599 0.3688389227642277 0.9307813911472449
5 0.46157266260162605 0.9951445347786811 0.4501397357723578 0.9703026196928636 0.44505843495934966 0.9420731707317074 0.4475990853658537 0.9014227642276422 0.4533155487804878 0.8652890695573622 0.4679242886178862 0.8257678410117435 0.4901549796747968 0.805442637759711 0.5212779471544715 0.7975383920505872 0.5612931910569106 0.8088301716350497 0.5828887195121951 0.8325429087624211 0.6019435975609756 0.868676603432701 0.611471036585366 0.9138437217705511 0.615282012195122 0.9680442637759711 0.614646849593496 0.9894986449864499
3 0.17574949186991873 0.47798102981029816 0.17447916666666669 0.42603884372177053 0.21004827235772364 0.4249096657633243 0.21131859756097565 0.4712059620596207
4 0.31802591463414637 0.4520099367660344 0.3173907520325204 0.41248870822041556 0.3447027439024391 0.4113595302619693 0.34406758130081305 0.4542682926829269
4 0.15415396341463417 0.4689476061427281 0.15415396341463417 0.43281391147244813 0.17320884146341467 0.4316847335140019 0.1751143292682927 0.4768518518518519
1 0.17257367886178865 0.5152439024390244 0.18781758130081302 0.5163730803974707 0.19035823170731708 0.5570234869015357 0.1751143292682927 0.5581526648599819
1 0.32945884146341464 0.4836269196025294 0.34279725609756106 0.48475609756097565 0.34660823170731714 0.5005645889792232 0.3300940040650407 0.5016937669376694
0 0.17701981707317077 0.5299232158988256 0.3300940040650407 0.49153116531165314 0.34279725609756106 0.4960478771454382 0.341526930894309 0.5084688346883469 0.186547256097561 0.5547651309846432