1 0.40059705284552843 0.7376919602529358 0.42028709349593496 0.7365627822944897 0.4240980691056911 0.823509485094851 0.39615091463414637 0.8156052393857272 0.3923399390243903 0.7388211382113822
1 0.44759908536585363 0.7433378500451672 0.4774517276422764 0.7444670280036133 0.4799923780487805 0.8246386630532972 0.4533155487804878 0.8291553748870822
3 0.40821900406504064 0.6665537488708222 0.40631351626016265 0.5615401987353207 0.4456935975609756 0.5423441734417345 0.4495045731707317 0.6371951219512195
4 0.35486534552845533 0.6563911472448059 0.35423018292682934 0.567186088527552 0.4031377032520325 0.5728319783197833 0.40631351626016265 0.6699412827461608
4 0.5308053861788619 0.5773486901535683 0.5530360772357723 0.5694444444444445 0.5485899390243902 0.5062104787714544 0.5269944105691057 0.5129855465221319
5 0.05379827235772361 0.6857497741644083 0.06332571138211385 0.7026874435411021 0.07094766260162605 0.7343044263775972 0.07221798780487808 0.7794715447154472 0.06459603658536589 0.7580171635049684 0.04681148373983743 0.7636630532971996 0.04427083333333336 0.7309168925022583 0.043000508130081334 0.7004290876242096 0.04744664634146345 0.6880081300813008
5 0.08174542682926832 0.8156052393857272 0.11985518292682928 0.8551264679313461 0.12366615853658539 0.8246386630532972 0.11922002032520326 0.7918925022583561 0.11604420731707318 0.7659214092140922 0.10715193089430897 0.7376919602529358 0.0969893292682927 0.7184959349593497 0.08492123983739841 0.7072041553748871 0.07729928861788621 0.7173667570009034 0.07539380081300816 0.7410794941282747 0.07729928861788621 0.7749548328816622 0.08047510162601629 0.8031842818428185
0 0.39742123983739847 0.7489837398373983 0.42536839430894313 0.7004290876242096 0.48634400406504064 0.648486901535682 0.537157012195122 0.6168699186991871 0.5536712398373984 0.6202574525745258 0.419016768292683 0.7557588075880759
0 0.4463287601626016 0.7535004516711834 0.5695503048780488 0.6134823848238483 0.5911458333333333 0.6146115627822946 0.580983231707317 0.6496160794941284 0.5396976626016261 0.7083333333333334 0.4685594512195122 0.7636630532971996
1 0.538427337398374 0.6089656729900633 0.5517657520325203 0.6089656729900633 0.5498602642276423 0.625903342366757 0.5365218495934959 0.6247741644083108
1 0.5695503048780488 0.6089656729900633 0.5886051829268293 0.6089656729900633 0.5847942073170731 0.6281616982836495 0.5689151422764228 0.6236449864498645