3 0.2214811991869919 0.43281391147244813 0.2208460365853659 0.3887759710930443 0.24625254065040653 0.38764679313459804 0.24752286585365857 0.43055555555555564
4 0.19861534552845533 0.42829719963866303 0.19861534552845533 0.3865176151761518 0.21830538617886183 0.38764679313459804 0.2202108739837399 0.4362014453477869
4 0.3713795731707318 0.4068428184281843 0.37010924796747974 0.369579945799458 0.39043445121951226 0.3684507678410118 0.3929751016260163 0.4091011743450768
5 0.7842352642276423 0.9951445347786811 0.7956681910569106 0.9454607046070461 0.8255208333333334 0.9093270099367661 0.8572789634146343 0.8788392050587173 0.8941183943089431 0.8765808491418248 0.9220655487804879 0.8867434507678411 0.9487423780487806 0.9352981029810299 0.9462017276422765 0.9782068654019874
5 0.6254446138211383 0.7896341463414636 0.6578379065040652 0.7952800361336947 0.6851498983739839 0.8201219512195123 0.7111915650406504 0.8652890695573622 0.7213541666666667 0.9081978319783199 0.7226244918699187 0.9646567299006324 0.7130970528455285 0.9940153568202349 0.5886051829268293 0.9917570009033424 0.5562118902439025 0.9680442637759711 0.5485899390243902 0.9296522131887985 0.5479547764227644 0.8867434507678411 0.5536712398373984 0.8528681120144536 0.5727261178861789 0.8257678410117435 0.5955919715447154 0.8043134598012647 0.6171875000000001 0.7941508581752486
5 0.11604420731707318 0.4960478771454382 0.12112550813008131 0.5129855465221319 0.12303099593495936 0.5299232158988256 0.12430132113821139 0.5649277326106595 0.11413871951219515 0.5570234869015357 0.1128683943089431 0.5389566395663957 0.11032774390243905 0.5152439024390244
5 0.13001778455284557 0.5050813008130082 0.13700457317073172 0.5186314363143631 0.1401803861788618 0.5468608852755195 0.13763973577235775 0.5796070460704608 0.1357342479674797 0.5829945799457995 0.12811229674796748 0.5728319783197833 0.12557164634146342 0.5525067750677507 0.12557164634146342 0.535569105691057 0.12557164634146342 0.5186314363143631
1 0.21004827235772364 0.4881436314363144 0.22275152439024395 0.4904019873532069 0.2208460365853659 0.535569105691057 0.21131859756097565 0.5344399277326107
1 0.22783282520325207 0.4926603432700994 0.2373602642276423 0.49491869918699194 0.2367251016260163 0.5389566395663957 0.22402184959349597 0.535569105691057
0 0.21004827235772364 0.49153116531165314 0.37264989837398377 0.44862240289069566 0.3840828252032521 0.45313911472448065 0.21322408536585372 0.5005645889792232
0 0.225292174796748 0.5028229448961157 0.3923399390243903 0.4542682926829269 0.40059705284552855 0.45765582655826564 0.2284679878048781 0.5152439024390244