3 0.2202108739837399 0.4678184281842819 0.2202108739837399 0.41700542005420055 0.25387449186991873 0.41474706413730805 0.2545096544715447 0.4655600722673894
4 0.19861534552845533 0.46217253839205064 0.19925050813008133 0.41700542005420055 0.2208460365853659 0.41926377597109304 0.2208460365853659 0.4700767841011744
4 0.36439278455284557 0.43281391147244813 0.39361026422764234 0.43281391147244813 0.39170477642276424 0.38538843721770555 0.3650279471544716 0.38764679313459804
5 0.11477388211382115 0.49491869918699194 0.11922002032520326 0.4881436314363144 0.12620680894308944 0.49943541102077693 0.12684197154471546 0.5276648599819331 0.1274771341463415 0.5525067750677507 0.12366615853658539 0.5705736224028908 0.11985518292682928 0.5649277326106595 0.11731453252032523 0.5525067750677507 0.1128683943089431 0.5333107497741645 0.1128683943089431 0.5073396567299007
5 0.1350990853658537 0.5016937669376694 0.14335619918699188 0.5220189701897019 0.14716717479674798 0.5547651309846432 0.147802337398374 0.576219512195122 0.14335619918699188 0.5920280036133695 0.13700457317073172 0.5875112917795845 0.1319232723577236 0.5547651309846432 0.13065294715447157 0.5333107497741645 0.13065294715447157 0.5175022583559169
1 0.21131859756097565 0.48023938572719066 0.22338668699186998 0.48249774164408316 0.2214811991869919 0.5242773261065944 0.20941310975609762 0.5242773261065944
1 0.22973831300813014 0.48701445347786815 0.2411712398373984 0.48927280939476064 0.23863058943089435 0.5366982836495032 0.22592733739837403 0.5310523938572719
5 0.5994029471544715 0.7297877145438122 0.6298907520325204 0.7173667570009034 0.6654598577235773 0.7264001806684733 0.694677337398374 0.7535004516711834 0.7200838414634146 0.7885049683830172 0.736598069105691 0.8359304426377597 0.7435848577235773 0.8799683830171635 0.7378683943089431 0.9375564588979224 0.7188135162601627 0.9894986449864499 0.7080960134885441 0.9986111111111111 0.5905106707317074 0.9906278229448962 0.5689151422764228 0.9477190605239386 0.5530360772357724 0.8923893405600722 0.5524009146341464 0.8359304426377597 0.5593877032520326 0.7997967479674797 0.575901930894309 0.769308943089431 0.5879700203252033 0.7512420957542909
5 0.7855055894308943 0.9951445347786811 0.7937627032520326 0.9522357723577236 0.807101117886179 0.9161020776874436 0.8369537601626018 0.8833559168925023 0.8598196138211384 0.8619015356820235 0.8839557926829269 0.8539972899728997 0.9150787601626018 0.859643179765131 0.9392149390243902 0.8788392050587173 0.9563643292682927 0.9104561878952124 0.9614456300813009 0.9556233062330625 0.9601753048780488 0.9974028906955736
0 0.2373602642276423 0.4926603432700994 0.39106961382113825 0.4565266485998194 0.40758384146341464 0.4587850045167119 0.2405360772357724 0.5028229448961157
0 0.21957571138211388 0.48701445347786815 0.3720147357723578 0.45088075880758816 0.380907012195122 0.45539747064137315 0.22211636178861793 0.49378952122854564