3 0.18229166666666666 0.5235690235690236 0.1827651515151515 0.4755892255892255 0.21259469696969696 0.4739057239057239 0.21164772727272724 0.521043771043771
4 0.16003787878787878 0.5185185185185185 0.16003787878787878 0.47727272727272724 0.18323863636363635 0.4797979797979798 0.18323863636363635 0.5244107744107744
4 0.3252840909090909 0.4907407407407407 0.3489583333333333 0.48905723905723897 0.34801136363636365 0.45454545454545453 0.3243371212121212 0.457070707070707
1 0.17045454545454544 0.5345117845117845 0.1856060606060606 0.5345117845117845 0.1789772727272727 0.5740740740740741 0.16856060606060605 0.5673400673400673
1 0.18986742424242423 0.5395622895622895 0.20170454545454547 0.5412457912457912 0.19507575757575757 0.5867003367003366 0.17945075757575757 0.5816498316498316
0 0.1893939393939394 0.547138047138047 0.356060606060606 0.5025252525252525 0.35937499999999994 0.5193602693602692 0.18844696969696967 0.5681818181818181
0 0.17140151515151514 0.5420875420875421 0.3333333333333333 0.49999999999999994 0.34374999999999994 0.5016835016835016 0.1737689393939394 0.5488215488215488
5 0.10085227272727273 0.5437710437710438 0.10606060606060605 0.5648148148148148 0.10558712121212119 0.5917508417508417 0.10606060606060605 0.6237373737373737 0.09990530303030302 0.638047138047138 0.09138257575757575 0.6313131313131313 0.08806818181818181 0.5984848484848484 0.08712121212121211 0.5707070707070707 0.09043560606060605 0.5454545454545454
5 0.07954545454545454 0.5328282828282828 0.08617424242424242 0.5505050505050504 0.08570075757575757 0.5723905723905723 0.08285984848484848 0.595117845117845 0.07812499999999999 0.5925925925925926 0.07575757575757576 0.5782828282828282 0.0743371212121212 0.5563973063973063 0.0743371212121212 0.5420875420875421
5 0.5110329198473282 0.9919423240033927 0.5038764312977099 0.9484732824427481 0.5080510496183206 0.903944020356234 0.517593034351145 0.8668363019508057 0.5372733778625954 0.8413910093299407 0.573055820610687 0.8307888040712469 0.6064527671755725 0.8413910093299407 0.6374642175572519 0.8615351993214588 0.6631083015267175 0.9156064461407973 0.6750357824427481 0.9633163698049194 0.6750357824427481 0.9919423240033927
5 0.7537571564885497 0.9887616624257844 0.7722447519083969 0.9442324003392705 0.8002743320610687 0.9230279898218829 0.8348640267175573 0.9156064461407973 0.8634899809160306 0.9230279898218829 0.8837666984732826 0.9325699745547075 0.9082180343511451 0.9728583545377438 0.9076216603053435 0.9930025445292621